0 0.754188 0.854403 0.760750 1.000000 0.869109 1.000000 0.859328 0.866889
0 0.667109 0.841458 0.673750 1.000000 0.750016 1.000000 0.743398 0.852611
0 0.873375 0.869111 0.882211 1.000000 1.000000 1.000000 1.000000 0.878889
0 0.193609 0.818750 0.196328 0.822903 0.199047 0.831194 0.192055 0.847778 0.169508 0.892000 0.138805 0.956944 0.117438 1.000000 0.279781 1.000000 0.278336 0.993569 0.275617 0.985972 0.274836 0.918250 0.266680 0.913417 0.262398 0.911347 0.256570 0.886472 0.256570 0.856750 0.231305 0.860208 0.227031 0.858833 0.223922 0.851222 0.224195 0.827111 0.218367 0.827944 0.211836 0.825597 0.210977 0.822833 0.210977 0.812667 0.192828 0.813778
0 0.482891 0.929722 0.482578 1.000000 0.525430 1.000000 0.575859 1.000000
0 0.475156 0.816667 0.475312 0.854583 0.476562 0.868153 0.479672 0.881972 0.482391 0.897875 0.483047 0.914583 0.490703 0.919444 0.494055 0.915139 0.492344 0.819028
0 0.498742 0.819153 0.500750 0.914625 0.504008 0.923097 0.505766 0.928000 0.517813 0.934250 0.521320 0.931125 0.519570 0.821833
0 0.526844 0.823667 0.528852 0.928944 0.532617 0.936972 0.535125 0.941431 0.554945 0.953028 0.557461 0.949458 0.555195 0.826778
0 0.562477 0.827681 0.565234 0.946778 0.569500 0.957931 0.575023 0.963736 0.597859 0.976667 0.604133 0.973097 0.600367 0.833917
0 0.608898 0.834361 0.612914 0.969528 0.619437 0.983806 0.641875 1.000000 0.663516 1.000000 0.658078 0.839722
